mean_acc =

   -0.2532   -0.3236    9.4747


std_acc =

    0.0364    0.0347    0.0362


mean_gyro =

   -0.0055    0.0047   -0.0009


std_gyro =

    0.0019    0.0037    0.0014