mean_acc =

   -0.7329   -0.7696    9.0799


std_acc =

    0.0217    0.0336    0.0257


mean_gyro =

   -0.0021    0.0027    0.0003


std_gyro =

    0.0062    0.0029    0.0016