mean_acc =

   -0.6187   -0.6108    9.7991


std_acc =

    0.0172    0.0162    0.0270


mean_gyro =

   1.0e-03 *

   -0.1557   -0.7614    0.9603


std_gyro =

    0.0009    0.0011    0.0010